CYP51_db <- list(
  # --- Single Mutations (A) ---
  "A1"  = c(G460 = "D"),
  "A2"  = c(L50 = "S"),
  "A3"  = c(Y137 = "F"),
  "A4"  = c(V136 = "C"),
  "A5"  = c(Y461 = "Del"),
  "A6"  = c(S259 = "F"),
  "A7"  = c(G476 = "S"),
  "A8"  = c(Y459 = "C"),
  "A9"  = c(Y459 = "D"),
  "A10" = c(D107 = "V"),
  "A11" = c(Y461 = "H"),

  # --- Double Mutations (B) ---
  "B1"  = c(L50 = "S", Y137 = "F"),
  "B2"  = c(V136 = "A", Y461 = "S"),
  "B3"  = c(I381 = "V", Y459 = "D"),
  "B4"  = c(I381 = "V", Y459 = "S"),
  "B5"  = c(L50 = "S", Y459 = "D"),
  "B6"  = c(L50 = "S", G460 = "D"),
  "B7"  = c(L50 = "S", S188 = "N"),
  "B8"  = c(L50 = "S", Y461 = "S"),
  "B9"  = c(L50 = "S", Y461 = "H"),
  "B10" = c(V136 = "C", Y461 = "H"),
  "B11" = c(Y137 = "F", S524 = "T"),
  "B12" = c(I381 = "V", Y461 = "H"),
  "B13" = c(L50 = "S", Y459 = "C"),

  # --- Triple Mutations (C) ---
  "C1"  = c(I381 = "V", Y461 = "H", G510 = "C"),
  "C2"  = c(L50 = "S", I381 = "V", Y459 = "S"),
  "C3"  = c(L50 = "S", I381 = "V", Y459 = "C"),
  "C4"  = c(L50 = "S", I381 = "V", Y459 = "D"),
  "C5"  = c(L50 = "S", V136 = "C", Y461 = "S"),
  "C6"  = c(L50 = "S", V136 = "A", Y461 = "S"),
  "C7"  = c(L50 = "S", V136 = "A", Y461 = "H"),
  "C8"  = c(L50 = "S", I381 = "V", Y461 = "H"),
  "C9"  = c(L50 = "S", V136 = "A", Y461 = "N"),
  "C10" = c(V136 = "A", Y459 = "Del", G460 = "Del"),
  "C11" = c(V136 = "A", Y461 = "S", S524 = "T"),
  "C12" = c(V136 = "A", I381 = "V", Y461 = "H"),
  "C13" = c(V136 = "A", S188 = "N", Y459 = "C"),
  "C14" = c(L50 = "S", G312 = "A", Y459 = "D"),
  "C15" = c(L50 = "S", N178 = "S", S188 = "N"),
  "C16" = c(D107 = "V", I381 = "V", Y461 = "H"),
  "C17" = c(V136 = "C", I381 = "V", Y461 = "H"),
  "C18" = c(L50 = "S", S188 = "N", N513 = "K"),
  "C19" = c(L50 = "S", S188 = "N", G460 = "D"),
  "C20" = c(L50 = "S", Y461 = "S", S524 = "T"),
  "C21" = c(L50 = "S", V136 = "G", Y461 = "S"),

  # --- Quadruple Mutations (D) ---
  "D1"  = c(S188 = "N", Y459 = "Del", G460 = "Del", N513 = "K"),
  "D2"  = c(L50 = "S", S188 = "N", G460 = "D", N513 = "K"),
  "D3"  = c(L50 = "S", S188 = "N", Y461 = "H", N513 = "K"),
  "D4"  = c(L50 = "S", S188 = "N", Y459 = "Del", G460 = "Del"),
  "D5"  = c(L50 = "S", Y459 = "Del", G460 = "Del", N513 = "K"),
  "D6"  = c(L50 = "S", D134 = "G", V136 = "G", Y461 = "S"),
  "D7"  = c(L50 = "S", V136 = "A", Y461 = "S", S524 = "T"),
  "D8"  = c(V136 = "A", S188 = "N", Y459 = "Del", G460 = "Del"),
  "D9"  = c(L50 = "S", D134 = "G", V136 = "A", Y461 = "H"),
  "D10" = c(L50 = "S", V136 = "A", I381 = "V", Y461 = "H"),
  "D11" = c(L50 = "S", V136 = "A", Y461 = "H", S524 = "T"),
  "D12" = c(V136 = "A", I381 = "V", Y459 = "Del", G460 = "Del"),
  "D13" = c(V136 = "C", I381 = "V", Y461 = "H", S524 = "T"),
  "D14" = c(L50 = "S", V136 = "A", G460 = "Del", S524 = "T"),
  "D15" = c(D134 = "G", V136 = "A", S188 = "N", Y461 = "L"),
  "D16" = c(L50 = "S", I381 = "V", G460 = "Del", Y461 = "H"),
  "D17" = c(D134 = "G", S188 = "N", Y459 = "Del", G460 = "Del"),
  "D18" = c(D134 = "G", V136 = "A", I381 = "V", Y461 = "H"),
  "D19" = c(D107 = "V", I381 = "V", N513 = "K", S524 = "T"),
  "D20" = c(L50 = "S", G312 = "A", I381 = "V", Y461 = "H"),
  "D21" = c(L50 = "S", S188 = "N", I381 = "V", Y461 = "H"),
  "D22" = c(L50 = "S", G312 = "A", I381 = "V", Y459 = "D"),
  "D23" = c(L50 = "S", S188 = "N", Y459 = "C", N513 = "K"),
  "D24" = c(L50 = "S", A311 = "G", Y461 = "S", V490 = "L"),
  "D25" = c(L50 = "S", I381 = "V", Y461 = "H", S524 = "T"),

  # --- 5 Mutations (E) ---
  "E1"  = c(L50 = "S", S188 = "N", Y459 = "Del", G460 = "Del", N513 = "K"),
  "E2"  = c(L50 = "S", D134 = "G", V136 = "A", Y461 = "S", S524 = "T"),
  "E3"  = c(L50 = "S", V136 = "A", I381 = "V", Y461 = "S", S524 = "T"),
  "E4"  = c(L50 = "S", D134 = "G", V136 = "A", I381 = "V", Y461 = "H"),
  "E5"  = c(L50 = "S", V136 = "A", I381 = "V", Y461 = "H", S524 = "T"),
  "E6"  = c(L50 = "S", V136 = "A", S188 = "N", Y459 = "Del", G460 = "Del"),
  "E7"  = c(L50 = "S", V136 = "C", I381 = "V", Y461 = "H", S524 = "T"),
  "E8"  = c(L50 = "S", V136 = "C", S188 = "N", I381 = "V", Y461 = "H"),
  "E9"  = c(L50 = "S", D134 = "G", V136 = "A", I381 = "V", Y459 = "S"),
  "E10" = c(L50 = "S", D134 = "G", V136 = "A", I381 = "V", Y461 = "S"),
  "E11" = c(V136 = "A", S188 = "N", Y459 = "Del", G460 = "Del", N513 = "K"),
  "E12" = c(L50 = "S", S188 = "N", A379 = "G", Y459 = "Del", G460 = "Del"),
  "E13" = c(L50 = "S", D134 = "G", V136 = "G", Y461 = "S", S524 = "T"),
  "E14" = c(S188 = "N", Y459 = "Del", G460 = "Del", G510 = "C", N513 = "K"),
  "E15" = c(L50 = "S", V136 = "A", Y459 = "Del", G460 = "Del", N513 = "K"),
  "E16" = c(L50 = "S", V136 = "C", Y459 = "Del", G460 = "Del", N513 = "K"),
  "E17" = c(L50 = "S", I381 = "V", Y459 = "Del", G460 = "Del", N513 = "K"),
  "E18" = c(L50 = "S", S188 = "N", I381 = "V", G460 = "Del", Y461 = "H"),
  "E19" = c(L50 = "S", D107 = "V", I381 = "V", Y461 = "H", S524 = "T"),
  "E20" = c(L50 = "S", A379 = "G", I381 = "V", Y459 = "Del", G460 = "Del"),
  "E21" = c(D134 = "G", V136 = "A", S188 = "N", G460 = "Del", Y461 = "Del"),
  "E22" = c(S188 = "N", I381 = "V", Y459 = "Del", G460 = "Del", N513 = "K"),
  "E23" = c(V136 = "A", S188 = "N", Y459 = "Del", G460 = "Del", S524 = "T"),

  # --- 6 Mutations (F) ---
  "F1"  = c(L50 = "S", S188 = "N", A379 = "G", I381 = "V", Y459 = "D", S524 = "T"),
  "F2"  = c(L50 = "S", S188 = "N", I381 = "V", Y459 = "Del", G460 = "Del", N513 = "K"),
  "F3"  = c(L50 = "S", V136 = "C", S188 = "N", Y459 = "Del", G460 = "Del", N513 = "K"),
  "F4"  = c(L50 = "S", V136 = "C", S188 = "N", I381 = "V", Y461 = "H", S524 = "T"),
  "F5"  = c(L50 = "S", V136 = "A", S188 = "N", Y459 = "Del", G460 = "Del", N513 = "K"),
  "F6"  = c(L50 = "S", V136 = "A", S188 = "N", Y459 = "Del", G460 = "Del", S524 = "T"),
  "F7"  = c(L50 = "S", V136 = "A", A379 = "G", I381 = "V", Y461 = "S", S524 = "T"),
  "F8"  = c(L50 = "S", D134 = "G", V136 = "A", I381 = "V", Y461 = "H", S524 = "T"),
  "F9"  = c(V136 = "C", A379 = "G", I381 = "V", Y459 = "Del", G460 = "Del", S524 = "T"),
  "F10" = c(L50 = "S", D134 = "G", V136 = "A", I381 = "V", Y461 = "S", S524 = "T"),
  "F11" = c(L50 = "S", A379 = "G", I381 = "V", Y459 = "Del", G460 = "Del", N513 = "K"),
  "F12" = c(L50 = "S", D134 = "G", V136 = "A", S188 = "N", Y459 = "Del", G460 = "Del"),
  "F13" = c(V136 = "C", S188 = "N", Y459 = "Del", G460 = "Del", G510 = "C", N513 = "K"),
  "F14" = c(S188 = "N", I381 = "V", Y459 = "Del", G460 = "Del", Y461 = "G", N513 = "K"),
  "F15" = c(L50 = "S", V136 = "A", S188 = "N", A379 = "G", Y459 = "Del", G460 = "Del"),
  "F16" = c(S188 = "N", A379 = "G", I381 = "V", Y459 = "Del", G460 = "Del", N513 = "K"),

  # --- 7 Mutations (G) ---
  "G1"  = c(L50 = "S", S188 = "N", A379 = "G", I381 = "V", Y459 = "Del", G460 = "Del", N513 = "K"),
  "G2"  = c(L50 = "S", S188 = "N", A379 = "G", I381 = "V", Y459 = "Del", G460 = "Del", S524 = "T"),
  "G3"  = c(L50 = "S", V136 = "A", S188 = "N", Y459 = "Del", G460 = "Del", N513 = "K", S524 = "T"),
  "G4"  = c(L50 = "S", S188 = "N", S208 = "T", A379 = "G", I381 = "V", Y459 = "Del", G460 = "Del"),
  "G5"  = c(L50 = "S", D134 = "G", V136 = "A", S208 = "T", I381 = "V", Y461 = "H", S524 = "T"),
  "G6"  = c(L50 = "S", D134 = "G", V136 = "A", I381 = "V", Y459 = "Del", G460 = "Del", N513 = "K"),
  "G7"  = c(L50 = "S", V136 = "A", S188 = "N", A379 = "G", I381 = "V", Y461 = "S", S524 = "T"),
  "G8"  = c(S188 = "N", A379 = "G", I381 = "V", Y459 = "Del", G460 = "Del", Y461 = "G", N513 = "K"),
  "G9"  = c(L50 = "S", V136 = "A", S188 = "N", I381 = "V", Y459 = "Del", G460 = "Del", N513 = "K"),